angel 0.007927927927927928 0.03434455493222748 0.7216126707115282 0.8257575757575758
demon 0.007927927927927928 0.19011395895109762 0.6367486765405086 0.6711711711711711
angel 0.004 -0.004225402734441213 0.3523396689971805 0.23636363636363636
demon 0.004 0.03163387835552029 0.36921930488134286 0.3055555555555556
demon 0.001041041041041041 0.020615375858235772 0.034201814339590554 0.034389915555011766
angel 0.006876876876876876 0.028786158840148564 0.6317670813281816 0.5634920634920635
demon 0.006876876876876876 0.13036438152984095 0.5848853669303358 0.5857142857142856
angel 0.008508508508508508 0.04162615946574431 0.7329925840564986 1.0
demon 0.008508508508508508 0.2172636990651243 0.6319380718027131 0.6666666666666666
angel 0.002942942942942943 -0.006486863231385172 0.23333551824288803 0.13407284236018138
demon 0.002942942942942943 0.017274787813669444 0.26584961049363137 0.19494649540305212
angel 0.006386386386386386 0.01830962694109545 0.5596032689127098 0.5
demon 0.006386386386386386 0.12586249684572656 0.5660714532211447 0.5
angel 0.007407407407407407 0.030523292116756754 0.6524373694443991 0.75
demon 0.007407407407407407 0.1575125065367275 0.6172526284244653 0.6
angel 0.002302302302302302 -0.06628196941362484 0.12173913043478261 0.12173913043478261
demon 0.002302302302302302 0.0027447631081755565 0.14082797376571002 0.03450497330547442
angel 0.003853853853853854 -0.00567933524490192 0.3306918133549766 0.22413793103448273
demon 0.003853853853853854 0.027737954737475787 0.33236321571191246 0.27710843373493976
angel 0.003143143143143143 -0.006233285121315672 0.25642871664109285 0.1508907709788245
demon 0.003143143143143143 0.019783921993680422 0.24733270612640593 0.18475914535496196
angel 0.004674674674674675 -0.001297038971017591 0.48852820144759146 0.4
demon 0.004674674674674675 0.043989962514384154 0.4991415997774227 0.4409302325581395
angel 0.006546546546546546 0.02082794451309998 0.626845664518412 0.6
demon 0.006546546546546546 0.11744636450694557 0.5805340198389901 0.5487323943661973
angel 0.005135135135135135 0.004318362328353091 0.5315632713080851 0.4947368421052632
demon 0.005135135135135135 0.06356639118296699 0.5280448052136257 0.5
angel 0.009509509509509509 0.07934680577217644 0.7190321204552702 0.8333333333333334
demon 0.009509509509509509 0.27036612334459376 0.7259531950142105 0.8235294117647058
demon 0.002122122122122122 0.002225010894219886 0.13525286120644828 0.03173127084687044
angel 0.005515515515515515 0.0043733633169478585 0.5399688016657653 0.5
demon 0.005515515515515515 0.07161825516145523 0.5101674750478983 0.46661828737300437
demon 0.0011711711711711711 0.013642547084727197 0.030892502057280835 0.03104518090854904
angel 0.0035735735735735736 -0.006082403067305951 0.29242660041875645 0.1832390051404538
demon 0.0035735735735735736 0.02506615355949724 0.3090358570430488 0.2550361079437477
angel 0.008958958958958959 0.049252087623692736 0.7394890992982358 1.0
demon 0.008958958958958959 0.25292020082635625 0.656744592660084 0.7321428571428572
angel 0.008728728728728728 0.044907266060700696 0.7222664715740044 0.8571428571428571
demon 0.008728728728728728 0.24353157771794995 0.6569966089233148 0.7
angel 0.009859859859859859 0.07773765599188825 0.7543748059130051 1.0
demon 0.009859859859859859 0.31321360297874823 0.707602343041166 0.8
angel 0.007647647647647648 0.03338530450979626 0.6954660162433326 0.7747368421052632
demon 0.007647647647647648 0.17866537377110137 0.6239945384397436 0.629059829059829
angel 0.0066566566566566565 0.023010316439836746 0.6310106460907656 0.6
demon 0.0066566566566566565 0.12677920269085693 0.5720885158440884 0.5
angel 0.0056856856856856855 0.00810325813232734 0.5511895884938961 0.47240259740259744
demon 0.0056856856856856855 0.08795988477822392 0.5286463146873498 0.5
angel 0.004414414414414414 -0.0009690860367893774 0.44593689526913144 0.35845213849287166
demon 0.004414414414414414 0.034447750174600576 0.4043199220062106 0.33647798742138363
angel 0.008198198198198198 0.03601977704881949 0.6563344362367827 0.6904761904761905
demon 0.008198198198198198 0.20795345040146984 0.6464050476301344 0.6842105263157895
angel 0.004064064064064064 -0.003131310768471741 0.39231469740686753 0.2777488275143304
demon 0.004064064064064064 0.03160917331619809 0.3701951470458468 0.3333333333333333
angel 0.005865865865865866 0.007249518980045338 0.6120724909350689 0.5714285714285715
demon 0.005865865865865866 0.09258936011676047 0.5593799738813487 0.5135135135135135
angel 0.0026826826826826826 -0.005000784196635286 0.15916166227998527 0.08729128451870463
demon 0.0026826826826826826 0.015295810235179699 0.27039317055206774 0.1881631519862873
angel 0.005325325325325325 0.005402849626228751 0.527533596076364 0.48340262579184606
demon 0.005325325325325325 0.07138422970960322 0.5298845574257357 0.5
demon 0.0026126126126126124 0.013908114132274918 0.23065740898042658 0.1713053793052776
angel 0.009259259259259259 0.07872474740809052 0.6807780007835501 0.6666666666666666
demon 0.009259259259259259 0.27473081273460176 0.7079760022084786 0.7777777777777778
angel 0.007157157157157157 0.03131066107073258 0.652148401213584 0.6666666666666666
demon 0.007157157157157157 0.15166825240430076 0.616301114904249 0.6385542168674698
angel 0.003393393393393393 -0.005470540396712283 0.2687986600473748 0.1665738161559889
demon 0.003393393393393393 0.02353425405534342 0.2853386381533297 0.21248654467169
angel 0.008358358358358358 0.04349547737899757 0.7001216527033962 0.7786561264822135
demon 0.008358358358358358 0.21459113252769804 0.6323131306178813 0.6666666666666666
