graph_entropy 0.007927927927927928 0.032651308594602566 0.6839259122210541 1.0
core_expansion 0.007927927927927928 0.24337464986237198 0.6790525613043042 1.0
graph_entropy 0.004 -0.08838006605411197 0.6083209712995512 1.0
core_expansion 0.004 0.04492561401421887 0.5432086776719928 0.5
graph_entropy 0.001041041041041041 -0.05927882389086969 0.6496715491798001 1.0
core_expansion 0.001041041041041041 -0.03995774548688009 0.20013071299689036 0.17816279830009807
graph_entropy 0.006876876876876876 -0.006245362865557253 0.6535651567364108 1.0
core_expansion 0.006876876876876876 0.17920013282846783 0.6169683678816777 0.6666666666666666
graph_entropy 0.008508508508508508 0.05704522449246112 0.665262061774261 1.0
core_expansion 0.008508508508508508 0.2735403527374456 0.681596621170133 1.0
graph_entropy 0.002942942942942943 -0.1041127567870248 0.6716328688324305 1.0
core_expansion 0.002942942942942943 0.0003103290030419555 0.4477526552233365 0.39999999999999997
graph_entropy 0.006386386386386386 -0.023317059291912474 0.6311533623642684 1.0
core_expansion 0.006386386386386386 0.15539345523455625 0.6286669381989196 0.6666666666666666
graph_entropy 0.007407407407407407 0.0017367553111953852 0.6034956778131724 0.7647058823529411
core_expansion 0.007407407407407407 0.19633766950802775 0.6431503510044604 0.6833333333333333
graph_entropy 0.002302302302302302 -0.11658510141510235 0.6453099715754514 1.0
core_expansion 0.002302302302302302 -0.024941578748880696 0.39967072349065114 0.3169729332949698
graph_entropy 0.003853853853853854 -0.09534536371992659 0.6038519981581877 0.8047619047619048
core_expansion 0.003853853853853854 0.041268401487783504 0.5228329421058158 0.5
graph_entropy 0.003143143143143143 -0.10654977528246641 0.6351496011915492 1.0
core_expansion 0.003143143143143143 0.006204954877136841 0.46598058040640633 0.42857142857142855
graph_entropy 0.004674674674674675 -0.07064353041315903 0.6413341089473312 1.0
core_expansion 0.004674674674674675 0.07703224693860791 0.5867373873019801 0.6
graph_entropy 0.006546546546546546 -0.01860986160085669 0.6319405633521737 1.0
core_expansion 0.006546546546546546 0.16320648878230332 0.6401856077346276 0.6842105263157894
graph_entropy 0.005135135135135135 -0.05424499420279493 0.6889864967199644 1.0
core_expansion 0.005135135135135135 0.09879896330244664 0.6237413540579232 0.6363636363636361
graph_entropy 0.009509509509509509 0.08659540278899007 0.657746136732205 1.0
core_expansion 0.009509509509509509 0.3221526212874491 0.6622212660833723 1.0
graph_entropy 0.0005005005005005005 -0.06726332997722397 0.5586641080250647 0.5
core_expansion 0.0005005005005005005 -0.04060420827268678 0.16434017217219823 0.11038077733691035
graph_entropy 0.002122122122122122 -0.11770625270292553 0.6541022409516926 1.0
core_expansion 0.002122122122122122 -0.029592915238053717 0.3482709567031422 0.2727272727272727
graph_entropy 0.005515515515515515 -0.0369968572144097 0.6691614575176218 1.0
core_expansion 0.005515515515515515 0.11747437387164834 0.6025115089669034 0.6
graph_entropy 0.0011711711711711711 -0.0791994886520483 0.6457842970038091 1.0
core_expansion 0.0011711711711711711 -0.040700047530138506 0.22103974166648943 0.1801169590643275
graph_entropy 0.0035735735735735736 -0.10985665723091487 0.632991604800791 1.0
core_expansion 0.0035735735735735736 0.030278091802803133 0.5081403296906959 0.4666666666666667
graph_entropy 0.008958958958958959 0.06392904233487295 0.6912280033416393 1.0
core_expansion 0.008958958958958959 0.2897744553500037 0.6869047600837713 1.0
graph_entropy 0.008728728728728728 0.06729931968941257 0.6854062728121396 1.0
core_expansion 0.008728728728728728 0.2847189496836088 0.6835798793557241 1.0
graph_entropy 0.009859859859859859 0.08774071624744689 0.6427159524778573 1.0
core_expansion 0.009859859859859859 0.331874367081744 0.6525796098906032 1.0
graph_entropy 0.007647647647647648 0.012223902837881532 0.6319774533745122 1.0
core_expansion 0.007647647647647648 0.22021467852315152 0.6847069193802986 0.7854406130268199
graph_entropy 0.0066566566566566565 -0.009932820596972735 0.6466334173168854 1.0
core_expansion 0.0066566566566566565 0.16784854876004904 0.6390875407831984 0.7446808510638298
graph_entropy 0.0056856856856856855 -0.03697989682724279 0.6776015292019956 1.0
core_expansion 0.0056856856856856855 0.13125169089828223 0.6066971595692724 0.6
graph_entropy 0.004414414414414414 -0.07151509249866188 0.6432896825855426 1.0
core_expansion 0.004414414414414414 0.062132127708450655 0.5749867716176466 0.5555555555555556
graph_entropy 0.008198198198198198 0.04301733061608761 0.6897104503129171 1.0
core_expansion 0.008198198198198198 0.25760483839191045 0.6822444429062988 1.0
graph_entropy 0.004064064064064064 -0.08807026863912419 0.5991793547391584 0.7965517241379311
core_expansion 0.004064064064064064 0.04917271922410362 0.5495075418465643 0.5
graph_entropy 0.005865865865865866 -0.033552597624042356 0.6668477879480393 1.0
core_expansion 0.005865865865865866 0.14424363614010255 0.6035203705628897 0.6064516129032258
graph_entropy 0.0026826826826826826 -0.12271752895659298 0.6621459614165139 1.0
core_expansion 0.0026826826826826826 -0.00926958268683156 0.43960276244670254 0.37931034482758613
graph_entropy 0.005325325325325325 -0.04631025883297575 0.6949135475918159 1.0
core_expansion 0.005325325325325325 0.11165964585494619 0.6137541798111502 0.6
graph_entropy 0.0026126126126126124 -0.11760208785471916 0.6722591099613099 1.0
core_expansion 0.0026126126126126124 -0.010891826633310555 0.4367435124930972 0.368421052631579
graph_entropy 0.009259259259259259 0.07509298617920351 0.647800664040871 1.0
core_expansion 0.009259259259259259 0.3044906090660087 0.6918045988363533 1.0
graph_entropy 0.007157157157157157 -0.0030705898736845716 0.6246770719400438 0.8125
core_expansion 0.007157157157157157 0.18656673332420165 0.6242853910408436 0.6666666666666666
graph_entropy 0.003393393393393393 -0.10651508520748466 0.6442732188286013 1.0
core_expansion 0.003393393393393393 0.022927549025592135 0.5080265611520566 0.42857142857142855
graph_entropy 0.008358358358358358 0.05243251088373232 0.6676784678067669 1.0
core_expansion 0.008358358358358358 0.2661041699810102 0.6877343661814366 1.0
graph_entropy 0.0001001001001001001 0.008323153273779733 0.02639977916882522 0.02524593872790582
core_expansion 0.0001001001001001001 -0.11060706226119098 0.3349672419887301 0.3178294573643411
graph_entropy 0.006096096096096096 -0.022638551625984007 0.6417969767550283 1.0
core_expansion 0.006096096096096096 0.15223241312012453 0.6217479469283008 0.6546583850931678
graph_entropy 0.004924924924924925 -0.062294269704226385 0.6674101194730305 1.0
core_expansion 0.004924924924924925 0.08579920416022276 0.6107368399034664 0.6
graph_entropy 0.0021944792356597283 -0.11773293344181547 0.6567151775222386 1.0
core_expansion 0.0021944792356597283 -0.02810674548435668 0.3607741055032395 0.2966545108609482
