slpa 0.007927927927927928 0.30781782844357003 0.6833354506800945 0.75
multicom 0.007927927927927928 0.14364796691013648 0.7365966386554621 0.625
slpa 0.004 0.24482049845541248 0.7077523602033406 0.7083333333333333
multicom 0.004 0.07830061302154127 0.4733780108780109 0.36363636363636365
slpa 0.006876876876876876 0.2638003989736661 0.652447486513584 0.7142857142857143
multicom 0.006876876876876876 0.11734603190222792 0.6477564102564102 0.6666666666666666
slpa 0.008508508508508508 0.3525680798014675 0.6028461002598934 0.6666666666666666
multicom 0.008508508508508508 0.15719067960958746 0.5809120617944147 0.5647058823529412
multicom 0.002942942942942943 0.04686759549378274 0.44545116110981225 0.36627906976744184
slpa 0.006386386386386386 0.19731842056826265 0.5915096252799042 0.6
multicom 0.006386386386386386 0.1320916336450428 0.7171825396825396 0.7083333333333333
slpa 0.007407407407407407 0.23141940180854945 0.6129160629160629 0.6666666666666666
multicom 0.007407407407407407 0.17631974239081183 0.5858823529411764 0.5294117647058824
slpa 0.002302302302302302 -0.05931246780810956 0.5441816594479202 0.4017857142857143
multicom 0.002302302302302302 0.013558339067855732 0.22413370110684352 0.2168
slpa 0.003853853853853854 0.23926150056266576 0.785735171261487 0.8473684210526315
multicom 0.003853853853853854 0.07338207943645035 0.4820728291316526 0.419047619047619
slpa 0.003143143143143143 0.16456279038955596 0.7267909356725146 0.7543859649122806
multicom 0.003143143143143143 0.03746917694815102 0.4728102278826917 0.41304347826086957
slpa 0.004674674674674675 0.16809087803555742 0.7033979161120754 0.706199460916442
multicom 0.004674674674674675 0.08158113680841719 0.6786858974358974 0.6458333333333333
slpa 0.006546546546546546 0.24888006785569916 0.6364696768593773 0.7272727272727273
multicom 0.006546546546546546 0.10994300831710797 0.763076923076923 0.6666666666666666
slpa 0.005135135135135135 0.19885610200716253 0.5977668656848512 0.5555555555555556
multicom 0.005135135135135135 0.10483382355808242 0.6408668730650154 0.5504201680672269
slpa 0.009509509509509509 0.3950861255011764 0.6480027358061415 0.8
multicom 0.009509509509509509 0.17687162491173183 0.6439636752136751 0.6145833333333333
multicom 0.002122122122122122 0.0025542612403104807 0.30089752245822116 0.2459016393442623
slpa 0.005515515515515515 0.20965450049793816 0.6698977346542305 0.6666666666666666
multicom 0.005515515515515515 0.14828325349677185 0.5879041248606466 0.5
slpa 0.0035735735735735736 0.18000870141445016 0.6942926843736561 0.6666666666666666
multicom 0.0035735735735735736 0.010152330495302536 0.5534013605442177 0.45
slpa 0.008958958958958959 0.367688314233547 0.6154659498207885 0.75
multicom 0.008958958958958959 0.21137515964698028 0.6665674603174603 0.6333333333333333
slpa 0.008728728728728728 0.3635720149763658 0.6213878018104697 0.7238095238095238
multicom 0.008728728728728728 0.15905702804455898 0.617404168874757 0.6274509803921569
slpa 0.009859859859859859 0.4110921235240191 0.6487424612424612 0.75
multicom 0.009859859859859859 0.23054368618623475 0.6489239926739927 0.5669642857142857
slpa 0.007647647647647648 0.2662629640926843 0.6131386308882889 0.6666666666666666
multicom 0.007647647647647648 0.13524346820507402 0.6979166666666666 0.6875
slpa 0.0066566566566566565 0.2302463164757735 0.6480249104129701 0.7230769230769231
multicom 0.0066566566566566565 0.1837347584284427 0.7015491452991452 0.7333333333333334
slpa 0.0056856856856856855 0.1919600605013015 0.6465974639444027 0.6666666666666666
multicom 0.0056856856856856855 0.09182707532298223 0.5124643874643875 0.45833333333333337
slpa 0.004414414414414414 0.18148289831582373 0.6994074676069841 0.7032967032967032
multicom 0.004414414414414414 0.0841332434862093 0.5132034632034632 0.36363636363636365
slpa 0.008198198198198198 0.319268439693825 0.671632861520502 0.75
multicom 0.008198198198198198 0.15329182849440254 0.6780963102944527 0.6571428571428571
slpa 0.004064064064064064 0.22717029794271512 0.6389536491535495 0.5466101694915254
multicom 0.004064064064064064 0.07307293809405709 0.5063325563325562 0.4166666666666667
slpa 0.005865865865865866 0.19283365879707445 0.6447565089572787 0.6515151515151515
multicom 0.005865865865865866 0.1260566625433322 0.6722222222222223 0.6333333333333333
slpa 0.005325325325325325 0.18372751335211104 0.6210855438647425 0.6666666666666666
multicom 0.005325325325325325 0.12984872006127987 0.6780677655677655 0.5714285714285714
multicom 0.0026126126126126124 0.028571701600622713 0.3006334492817208 0.21466079188797682
slpa 0.009259259259259259 0.39115482449429545 0.6693026314470603 0.8181818181818182
multicom 0.009259259259259259 0.2225928836590747 0.6742296918767506 0.6274509803921569
slpa 0.007157157157157157 0.25297932454056105 0.6205596358541609 0.6904761904761905
multicom 0.007157157157157157 0.17506916688394025 0.5742156862745098 0.5294117647058824
slpa 0.003393393393393393 0.20993493936647695 0.6990781440781442 0.6666666666666666
multicom 0.003393393393393393 0.05308979894799346 0.48480844490906416 0.3214285714285714
slpa 0.008358358358358358 0.3259533915078371 0.6505871273822653 0.75
multicom 0.008358358358358358 0.12965547500523425 0.5986601307189543 0.6
slpa 0.006096096096096096 0.22680987663958385 0.6329026969006234 0.6666666666666666
multicom 0.006096096096096096 0.1019631688796837 0.6677272727272727 0.6666666666666666
slpa 0.004924924924924925 0.1775445285353161 0.6455008676110827 0.6458333333333333
multicom 0.004924924924924925 0.07419290824494242 0.6423931623931625 0.6
multicom 0.0021944792356597283 0.02021276698676996 0.4154101719793209 0.3766025641025641
